,Unnamed: 0,Word,Start,End,Conf,time_spent,length,std_time_spent,post_space,amplitude,time
0,0,i,14.61,14.73,100.0,0.12,1,0.7692307692307692,0.0,0.4969156353526824,14.67
1,1,met,14.73,14.94,100.0,0.21,3,0.3846153846153845,0.0,0.4790555821221315,14.835
2,2,a,14.94,15.0,100.0,0.06,1,0.3076923076923076,0.0299999999999993,0.2550840578030566,14.969999999999999
3,3,traveller,15.03,15.54,100.0,0.51,9,0.282051282051282,0.0300000000000011,0.3741100458887494,15.285
4,4,from,15.57,15.75,100.0,0.18,4,0.1923076923076923,0.0,0.4298531678705975,15.66
5,5,the,15.75,15.84,100.0,0.09,3,0.0769230769230769,0.0,0.4875018019968292,15.795
6,6,antique,15.84,16.32,100.0,0.48,7,0.3736263736263736,0.0,0.3754926777889622,16.08
7,7,land,16.32,16.77,100.0,0.45,4,0.7115384615384615,0.0,0.3809943139705911,16.545
8,8,who,16.77,16.89,100.0,0.12,3,0.1538461538461538,0.0,0.3259120456601451,16.83
9,9,said,16.89,17.31,100.0,0.42,4,0.6538461538461537,0.5700000000000003,0.325591585694596,17.1
10,10,too,17.88,18.24,83.9807,0.36,3,0.7692307692307692,0.0899999999999998,0.4710880916577868,18.06
11,11,fast,18.33,18.9,100.0,0.57,4,0.9423076923076922,0.0,0.4438567460641288,18.615
12,12,and,18.9,19.02,100.0,0.12,3,0.1538461538461538,0.0,0.3527028248159722,18.96
13,13,trunk,19.02,19.41,100.0,0.39,5,0.4461538461538461,0.0,0.3474232729963487,19.215
14,14,less,19.41,19.589308,89.1598,0.179308,4,0.190976923076923,0.0,0.488299463859906,19.499654
15,15,legs,19.589308,19.95,100.0,0.360692,4,0.5397923076923077,0.0,0.3544756508637474,19.769654
16,16,of,19.95,20.07,100.0,0.12,2,0.3076923076923076,0.0,0.3483483927966661,20.009999999999998
17,17,stone,20.07,20.58,100.0,0.51,5,0.6307692307692307,0.0300000000000011,0.48485188838665,20.325
18,18,stand,20.61,21.03,100.0,0.42,5,0.4923076923076921,0.0,0.406282975245241,20.82
19,19,in,21.03,21.12,100.0,0.09,2,0.1923076923076923,0.0,0.4357222713890154,21.075000000000003
20,20,the,21.12,21.18,54.1292,0.06,3,0.0,0.0,0.2429908482828521,21.15
21,21,desert,21.18,21.66,100.0,0.48,6,0.4615384615384615,0.9899999999999984,0.1919343548162229,21.42
22,22,near,22.65,22.92,100.0,0.27,4,0.3653846153846153,0.0,0.6625861336371264,22.785
23,23,them,22.92,23.1,100.0,0.18,4,0.1923076923076923,0.0,0.2624485114873261,23.01
24,24,on,23.1,23.25,100.0,0.15,2,0.423076923076923,0.0,0.4221778525206893,23.175
25,25,the,23.25,23.34,100.0,0.09,3,0.0769230769230769,0.0,0.3411968627983913,23.295
26,26,sand,23.34,23.88,100.0,0.54,4,0.8846153846153846,0.0,0.3973760238016761,23.61
27,27,half,23.88,24.27,100.0,0.39,4,0.5961538461538461,0.0,0.2315769876129406,24.075
28,28,sunk,24.27,24.78,100.0,0.51,4,0.8269230769230769,0.2399999999999984,0.3216116264165261,24.525
29,29,a,25.02,25.11,100.0,0.09,1,0.5384615384615384,0.0,0.1812192491163037,25.064999999999998
30,30,shattered,25.11,25.59,100.0,0.48,9,0.2564102564102563,0.0,0.3499726653151243,25.35
31,31,visage,25.59,26.04,100.0,0.45,6,0.423076923076923,0.0,0.3092772422123201,25.814999999999998
32,32,lies,26.04,26.61,100.0,0.57,4,0.9423076923076922,0.6900000000000013,0.3262673302399843,26.325
33,33,whose,27.3,27.57,100.0,0.27,5,0.2615384615384615,0.0,0.3123718541439283,27.435000000000002
34,34,frown,27.57,28.2,100.0,0.63,5,0.8153846153846154,0.1500000000000021,0.3601315964955238,27.884999999999998
35,35,and,28.35,28.53,100.0,0.18,3,0.3076923076923076,0.0,0.5118461199866775,28.44
36,36,wrinkled,28.53,28.98,100.0,0.45,8,0.2788461538461538,0.0,0.4061469725718453,28.755000000000003
37,37,lip,28.98,29.37,100.0,0.39,3,0.8461538461538461,0.4499999999999993,0.3156493454374321,29.175
38,38,and,29.82,30.0,100.0,0.18,3,0.3076923076923076,0.0,0.4357460016171135,29.91
39,39,sneer,30.0,30.57,100.0,0.57,5,0.723076923076923,0.0,0.5445380911344458,30.285
40,40,of,30.57,30.72,100.0,0.15,2,0.423076923076923,0.0300000000000011,0.0840751126000249,30.645
41,41,cold,30.75,31.14,100.0,0.39,4,0.5961538461538461,0.0,0.3741676889322515,30.945
42,42,command,31.14,31.77,100.0,0.63,7,0.5384615384615384,0.0899999999999998,0.3090166481227561,31.455
43,43,tell,31.86,32.28,100.0,0.42,4,0.6538461538461537,0.0,0.268348458744841,32.07
44,44,that,32.28,32.49,100.0,0.21,4,0.25,0.0,0.0804128326108241,32.385000000000005
45,45,it's,32.49,32.61,100.0,0.12,4,0.0769230769230769,0.0,0.2465668510165151,32.55
46,46,sculptor,32.61,33.12,100.0,0.51,8,0.3365384615384615,0.0,0.307949208842782,32.864999999999995
47,47,well,33.12,33.48,100.0,0.36,4,0.5384615384615384,0.0,0.3252188982324938,33.3
48,48,those,33.48,33.72,100.0,0.24,5,0.2153846153846153,0.0,0.1194139672899275,33.599999999999994
49,49,passions,33.72,34.2,100.0,0.48,8,0.3076923076923076,0.0,0.1111919619474584,33.96
50,50,read,34.2,34.53,100.0,0.33,4,0.4807692307692307,0.0,0.1173743494695033,34.365
51,51,which,34.53,34.74,100.0,0.21,5,0.1692307692307691,0.0,0.0,34.635000000000005
52,52,yet,34.74,34.98,100.0,0.24,3,0.4615384615384615,0.0,0.145562571461609,34.86
53,53,survive,34.98,35.64,100.0,0.66,7,0.5714285714285714,0.7199999999999989,0.1227685026302863,35.31
54,54,stamped,36.36,37.02,100.0,0.66,7,0.5714285714285714,0.0,0.3149835034749653,36.69
55,55,on,37.02,37.14,100.0,0.12,2,0.3076923076923076,0.0,0.257707415068291,37.08
56,56,these,37.14,37.32,100.0,0.18,5,0.123076923076923,0.0,0.1771028541937846,37.230000000000004
57,57,lifeless,37.32,38.01,100.0,0.69,8,0.5096153846153845,0.0,0.2840199616265708,37.665
58,58,things,38.01,38.58,100.0,0.57,6,0.5769230769230768,0.8100000000000023,0.4320791410702225,38.295
59,59,the,39.39,39.54,100.0,0.15,3,0.2307692307692307,0.0,0.4765781166690644,39.465
60,60,hand,39.54,39.99,100.0,0.45,4,0.7115384615384615,0.0,0.6493633969573909,39.765
61,61,that,39.99,40.17,100.0,0.18,4,0.1923076923076923,0.0,0.333552098496242,40.08
62,62,mocked,40.17,40.62,100.0,0.45,6,0.423076923076923,0.0,0.4294518028322963,40.394999999999996
63,63,them,40.62,40.83,100.0,0.21,4,0.25,0.0,0.4207679175911606,40.724999999999994
64,64,and,40.83,40.92,77.2929,0.09,3,0.0769230769230769,0.0,0.4189918122129919,40.875
65,65,the,40.92,40.98,100.0,0.06,3,0.0,0.0,0.2155751731204427,40.95
66,66,heart,40.98,41.37,100.0,0.39,5,0.4461538461538461,0.0300000000000011,0.2727223503206778,41.175
67,67,that,41.4,41.58,100.0,0.18,4,0.1923076923076923,0.0,0.2082441751675902,41.489999999999995
68,68,fed,41.58,42.03,100.0,0.45,3,1.0,1.6799999999999995,0.2973633018141812,41.805
69,69,and,43.71,43.89,100.0,0.18,3,0.3076923076923076,0.0,0.4803188478167196,43.8
70,70,on,43.89,44.04,100.0,0.15,2,0.423076923076923,0.0,0.8090903779352822,43.965
71,71,the,44.04,44.13,100.0,0.09,3,0.0769230769230769,0.0,0.4562071206417997,44.085
72,72,pedestal,44.13,44.73,100.0,0.6,8,0.423076923076923,0.0,0.3808906790072251,44.43
73,73,these,44.73,45.12,100.0,0.39,5,0.4461538461538461,0.0,0.3409936479909234,44.925
74,74,words,45.12,45.48,100.0,0.36,5,0.3999999999999999,0.0,0.2795210058089597,45.3
75,75,appear,45.48,45.99,100.0,0.51,6,0.5,1.0799999999999983,0.1074021144654277,45.735
76,76,my,47.07,47.34,100.0,0.27,2,0.8846153846153846,0.0,0.3609892850311775,47.205
77,77,name,47.34,47.85,100.0,0.51,4,0.8269230769230769,0.0300000000000011,0.5951516667125173,47.595
78,78,is,47.88,48.09,100.0,0.21,2,0.6538461538461537,0.029999999999994,0.3935704456736904,47.985
79,79,ozymandias,48.12,48.96,100.0,0.84,10,0.4923076923076921,0.0899999999999963,0.4869739016766805,48.54
80,80,king,49.05,49.44,100.0,0.39,4,0.5961538461538461,0.0,0.4580864336786807,49.245
81,81,of,49.44,49.65,100.0,0.21,2,0.6538461538461537,0.0,0.2844883112602692,49.545
82,82,kings,49.65,50.37,100.0,0.72,5,0.9538461538461536,0.6300000000000026,0.3291251034160624,50.01
83,83,look,51.0,51.3,100.0,0.3,4,0.423076923076923,0.0,0.5525081035672368,51.15
84,84,on,51.3,51.51,100.0,0.21,2,0.6538461538461537,0.0,1.0,51.405
85,85,my,51.51,51.69,100.0,0.18,2,0.5384615384615384,0.0,0.5871172796777995,51.599999999999994
86,86,works,51.69,52.2,100.0,0.51,5,0.6307692307692307,0.0,0.5365832974583036,51.945
87,87,ye,52.2,52.35,100.0,0.15,2,0.423076923076923,0.0,0.5238084804240069,52.275000000000006
88,88,mighty,52.35,52.92,100.0,0.57,6,0.5769230769230768,0.0300000000000011,0.4439170919591081,52.635000000000005
89,89,and,52.95,53.1,100.0,0.15,3,0.2307692307692307,0.0,0.3964513287093783,53.025000000000006
90,90,despair,53.1,53.94,100.0,0.84,7,0.7692307692307692,1.5,0.4749273930971749,53.519999999999996
91,91,nothing,55.44,55.98,100.0,0.54,7,0.4395604395604396,0.0,0.2540563386530828,55.709999999999994
92,92,beside,55.98,56.43,100.0,0.45,6,0.423076923076923,0.0,0.2860079251675439,56.205
93,93,remains,56.43,57.15,100.0,0.72,7,0.6373626373626373,0.9299999999999996,0.2192082213341283,56.79
94,94,round,58.08,58.35,100.0,0.27,5,0.2615384615384615,0.0,0.4521852576115401,58.215
95,95,the,58.35,58.41,100.0,0.06,3,0.0,0.0,0.2144536280777096,58.379999999999995
96,96,decay,58.41,58.89,100.0,0.48,5,0.5846153846153845,0.0,0.2224416702286708,58.65
97,97,of,58.89,59.04,100.0,0.15,2,0.423076923076923,0.0,0.1457563812917476,58.965
98,98,that,59.04,59.25,100.0,0.21,4,0.25,0.0,0.1605190803075007,59.144999999999996
99,99,colossal,59.25,59.79,100.0,0.54,8,0.3653846153846153,0.0,0.3273235403751584,59.519999999999996
100,100,wreck,59.79,60.21,100.0,0.42,5,0.4923076923076921,0.4200000000000017,0.1848926365565331,60.0
101,101,boundless,60.63,61.26,100.0,0.63,9,0.3846153846153846,0.0,0.3854635007541371,60.945
102,102,and,61.26,61.41,100.0,0.15,3,0.2307692307692307,0.0300000000000011,0.4300223656936705,61.334999999999994
103,103,beth,61.44,61.95,67.5575,0.51,4,0.8269230769230769,0.0383129999999951,0.2584806002099876,61.695
104,104,lone,61.988313,62.58,100.0,0.591687,4,0.9840134615384616,0.0300000000000011,0.4117217835699465,62.284156499999995
105,105,and,62.61,62.82,100.0,0.21,3,0.3846153846153845,0.0,0.4055822388375397,62.715
106,106,level,62.82,63.24,100.0,0.42,5,0.4923076923076921,0.0,0.3992006229064465,63.03
107,107,sands,63.24,63.78,100.0,0.54,5,0.676923076923077,0.0300000000000011,0.4314441881728008,63.510000000000005
108,108,stretch,63.81,64.26,100.0,0.45,7,0.3406593406593406,0.0,0.2358118275285292,64.035
109,109,far,64.26,64.62,100.0,0.36,3,0.7692307692307692,0.0,0.1282327187099282,64.44
110,110,away,64.62,65.13,100.0,0.51,4,0.8269230769230769,0.0,0.1668806230176822,64.875
