,Unnamed: 0.1,Unnamed: 0.1.1,Word,Start,End,Conf,time_spent,length,std_time_spent,post_space,amplitude,time,pitch
0,0,0,i,10.86,11.13,100.0,0.27,1,0.27,0.0,0.5499498308375635,10.995,90.85694887870605
1,1,1,met,11.13,11.4,100.0,0.27,3,0.09000000000000001,0.0,0.47076367664378693,11.265,97.41378333349309
2,2,2,a,11.4,11.46,100.0,0.06,1,0.06,0.05999999999999872,0.18240681168883144,11.43,87.2773363500836
3,3,3,traveller,11.52,12.06,100.0,0.54,9,0.060000000000000005,0.02999999999999936,0.37733339918749614,11.79,84.1290500305741
4,4,4,from,12.09,12.3,100.0,0.21,4,0.0525,0.0,0.28502335268087964,12.195,79.80778597666928
5,5,5,an,12.3,12.45,100.0,0.15,2,0.075,0.0,0.3880503014656025,12.375,81.09070084399988
6,6,6,antique,12.45,12.99,100.0,0.54,7,0.07714285714285715,0.0,0.23805870070467114,12.72,83.11215716734684
7,7,7,land,12.99,13.56,100.0,0.57,4,0.1425,0.02999999999999936,0.2262993437903433,13.275,70.3296407241516
8,8,8,who,13.59,13.83,100.0,0.24,3,0.08,0.0,0.18263055436569023,13.71,78.65101776361227
9,9,9,said,13.83,14.4,100.0,0.57,4,0.1425,0.3899999999999988,0.26474799884191036,14.115,82.54758829111573
10,10,10,two,14.79,15.06,100.0,0.27,3,0.09000000000000001,0.0,0.4557843343500497,14.925,123.05551960464143
11,11,11,vast,15.06,15.66,100.0,0.6,4,0.15,0.0,0.4033412676531543,15.36,91.98976806280832
12,12,12,and,15.66,15.838174,100.0,0.178174,3,0.05939133333333333,0.0036519999999988784,0.25558988619545703,15.749087,83.26810423951714
13,13,13,trunk,15.841826,16.2,100.0,0.358174,5,0.0716348,0.0,0.25499058190990076,16.020913,87.69966176515777
14,14,14,loose,16.2,16.44,75.2421,0.24,5,0.048,0.0,0.2073591259356647,16.32,83.90002973945442
15,15,15,legs,16.44,16.95,100.0,0.51,4,0.1275,0.0,0.30440087669251575,16.695,86.07984533209932
16,16,16,of,16.95,17.07,100.0,0.12,2,0.06,0.0,0.20922008565611083,17.009999999999998,74.56971368516034
17,17,17,stone,17.07,17.58,100.0,0.51,5,0.10200000000000001,0.120000000000001,0.3660878273558176,17.325,82.63331692387189
18,18,18,stand,17.7,18.24,100.0,0.54,5,0.10800000000000001,0.0,0.3400154058412395,17.97,82.83287835308563
19,19,19,in,18.24,18.36,100.0,0.12,2,0.06,0.0,0.21970181817156414,18.3,79.09107660568203
20,20,20,the,18.36,18.45,100.0,0.09,3,0.03,0.0,0.16968546521912303,18.405,76.12174255182515
21,21,21,desert,18.45,18.96,100.0,0.51,6,0.085,0.7799999999999976,0.18211761765711204,18.705,76.29998989449066
22,22,22,near,19.74,19.98,100.0,0.24,4,0.06,0.0,0.46164088843820045,19.86,108.25093199050379
23,23,23,them,19.98,20.13,100.0,0.15,4,0.0375,0.0,0.5411956689481598,20.055,116.5449563231799
24,24,24,on,20.13,20.28,100.0,0.15,2,0.075,0.0,0.5796764197822741,20.205,110.07280733400042
25,25,25,the,20.28,20.4,100.0,0.12,3,0.04,0.0,0.4062716772805355,20.34,98.69473389896139
26,26,26,sand,20.4,20.97,100.0,0.57,4,0.1425,0.030000000000001137,0.3584064330824049,20.685,94.77450632623523
27,27,27,half,21.0,21.36,100.0,0.36,4,0.09,0.0,0.248548883512928,21.18,91.77636922892576
28,28,28,sunk,21.36,21.72,100.0,0.36,4,0.09,0.0,0.2230890145494599,21.54,91.42223913482161
29,29,29,a,21.72,21.81,100.0,0.09,1,0.09,0.0,0.18390780590382413,21.765,82.58196433845526
30,30,30,shattered,21.81,22.23,100.0,0.42,9,0.04666666666666666,0.0,0.2043870819292236,22.02,89.86014806589912
31,31,31,visit,22.23,22.56,100.0,0.33,5,0.066,0.0,0.2616272483964818,22.395,87.65474321088537
32,32,32,july,22.56,22.98,100.0,0.42,4,0.105,0.0,0.2408775767361035,22.77,81.14667506644608
33,33,33,is,22.98,23.34,100.0,0.36,2,0.18,0.2699999999999996,0.09466562673718971,23.16,75.85291676167627
34,34,34,whose,23.61,23.94,100.0,0.33,5,0.066,0.0,0.2084396553673686,23.775,104.35218919473148
35,35,35,frown,23.94,24.57,100.0,0.63,5,0.126,0.0,0.4019803822042853,24.255000000000003,97.42266805779025
36,36,36,and,24.57,24.72,100.0,0.15,3,0.049999999999999996,0.0,0.21998253239545618,24.645,83.19330996114697
37,37,37,wrinkled,24.72,25.23,100.0,0.51,8,0.06375,0.0,0.17432471716302406,24.975,91.89739340173237
38,38,38,lip,25.23,25.56,100.0,0.33,3,0.11,0.0,0.23104405284519677,25.395,92.54151375433963
39,39,39,and,25.56,25.71,100.0,0.15,3,0.049999999999999996,0.0,0.18486908810568006,25.635,81.36478113399585
40,40,40,sneer,25.71,26.31,100.0,0.6,5,0.12,0.0,0.3906556774267358,26.01,90.42840392673041
41,41,41,of,26.31,26.46,100.0,0.15,2,0.075,0.0,0.11975247505563631,26.385,83.60720140155475
42,42,42,cold,26.46,26.82,100.0,0.36,4,0.09,0.0,0.2684098265840703,26.64,84.2491339898134
43,43,43,command,26.82,27.45,100.0,0.63,7,0.09,0.5700000000000003,0.27834996427395714,27.135,82.21988742630788
44,44,44,tell,28.02,28.32,100.0,0.3,4,0.075,0.0,0.4667732324141627,28.17,89.95080362628097
45,45,45,that,28.32,28.53,100.0,0.21,4,0.0525,0.0,0.34952819060415324,28.425,92.78392966456049
46,46,46,it's,28.53,28.65,100.0,0.12,4,0.03,0.030000000000001137,0.0786354777167875,28.59,96.1512426818225
47,47,47,sculptor,28.68,29.28,100.0,0.6,8,0.075,0.0,0.2896649528910167,28.98,97.77940747691947
48,48,48,well,29.28,29.76,100.0,0.48,4,0.12,0.0,0.34185651039607723,29.520000000000003,95.2328955034678
49,49,49,those,29.76,30.18,100.0,0.42,5,0.08399999999999999,0.05999999999999872,0.27913406348358216,29.97,84.67434256568684
50,50,50,passions,30.24,30.72,100.0,0.48,8,0.06,0.0,0.1660091619764909,30.48,70.74556623116733
51,51,51,read,30.72,31.08,100.0,0.36,4,0.09,0.5100000000000016,0.13148184847475158,30.9,68.54233819557491
52,52,52,which,31.59,31.92,100.0,0.33,5,0.066,0.0,0.24978622114191779,31.755000000000003,89.20469621093906
53,53,53,yet,31.92,32.19,100.0,0.27,3,0.09000000000000001,0.0,0.3047139432259245,32.055,89.98713219525068
54,54,54,survive,32.19,32.97,100.0,0.78,7,0.11142857142857143,0.0,0.22953645233460496,32.58,77.9799756717321
55,55,55,stamped,32.97,33.39,100.0,0.42,7,0.06,0.0,0.22024379353381673,33.18,78.83392298891573
56,56,56,on,33.39,33.63,100.0,0.24,2,0.12,0.0,0.2896805547135856,33.510000000000005,78.08617756814289
57,57,57,these,33.63,33.99,100.0,0.36,5,0.072,0.0,0.17170749754938527,33.81,74.66459166557947
58,58,58,lifeless,33.99,34.5,100.0,0.51,8,0.06375,0.030000000000001137,0.14559930171431604,34.245000000000005,74.69093914658421
59,59,59,things,34.53,35.13,100.0,0.6,6,0.09999999999999999,0.6599999999999966,0.10333923668624248,34.83,69.68264744976506
60,60,60,the,35.79,35.97,100.0,0.18,3,0.06,0.0,0.3764390851675023,35.879999999999995,80.46374389899253
61,61,61,hand,35.97,36.39,100.0,0.42,4,0.105,0.0,0.302140093955131,36.18,77.80949307585261
62,62,62,that,36.39,36.57,100.0,0.18,4,0.045,0.0,0.191341307987771,36.48,79.0897925718074
63,63,63,melt,36.57,36.9,87.8698,0.33,4,0.0825,0.030000000000001137,0.20178997170155372,36.735,79.10289356396154
64,64,64,them,36.93,37.26,100.0,0.33,4,0.0825,0.45000000000000284,0.2744628123005567,37.095,73.69726952157241
65,65,65,and,37.71,37.86,99.5165,0.15,3,0.049999999999999996,0.0,0.3796985521828873,37.785,83.64410311702612
66,66,66,the,37.86,37.98,100.0,0.12,3,0.04,0.0,0.3146205879997215,37.92,73.51589296279955
67,67,67,heart,37.98,38.37,100.0,0.39,5,0.078,0.0,0.2511907337258373,38.175,72.77462966618879
68,68,68,that,38.37,38.58,100.0,0.21,4,0.0525,0.0,0.16884197610424378,38.475,65.11775557597332
69,69,69,fed,38.58,39.03,100.0,0.45,3,0.15,1.8599999999999994,0.18135894003632752,38.805,71.36546209919908
70,70,70,and,40.89,41.1,100.0,0.21,3,0.06999999999999999,0.0,0.5848783500416659,40.995000000000005,102.21919645836803
71,71,71,on,41.1,41.28,100.0,0.18,2,0.09,0.0,1.0,41.19,120.57416871988431
72,72,72,the,41.28,41.37,100.0,0.09,3,0.03,0.0,0.5048620993397352,41.325,120.27906188583884
73,73,73,pedestal,41.37,42.0,100.0,0.63,8,0.07875,0.0,0.474439158684314,41.685,105.53999262656524
74,74,74,these,42.0,42.33,100.0,0.33,5,0.066,0.0,0.39653660949354563,42.165,102.67934345955322
75,75,75,words,42.33,42.72,100.0,0.39,5,0.078,0.0,0.2976890273140367,42.525,79.10062252061267
76,76,76,appear,42.72,43.38,100.0,0.66,6,0.11,0.6299999999999955,0.13913889988367378,43.05,78.4693546918585
77,77,77,my,44.01,44.34,100.0,0.33,2,0.165,0.0,0.5477994375836368,44.175,98.8880024226377
78,78,78,name,44.34,44.76,100.0,0.42,4,0.105,0.0,0.5898186952998978,44.55,100.7633038232897
79,79,79,is,44.76,45.09,100.0,0.33,2,0.165,0.05999999999999517,0.4073711004224273,44.925,95.50473377891629
80,80,80,ozymandias,45.15,46.44,100.0,1.29,10,0.129,0.0,0.38731367465435546,45.795,94.18802781527445
81,81,81,king,46.44,47.19,100.0,0.75,4,0.1875,0.0,0.29657072878146107,46.815,85.19516525633162
82,82,82,of,47.19,47.31,100.0,0.12,2,0.06,0.0,0.06952405394270943,47.25,78.56913743497513
83,83,83,kings,47.31,47.97,100.0,0.66,5,0.132,0.480000000000004,0.1505799281323433,47.64,81.71894509153428
84,84,84,look,48.45,48.75,100.0,0.3,4,0.075,0.0,0.3759376182645848,48.6,100.45028906540342
85,85,85,on,48.75,48.93,100.0,0.18,2,0.09,0.0,0.7432225672980246,48.84,102.5298315804687
86,86,86,my,48.93,49.2,100.0,0.27,2,0.135,0.0,0.6211972364776236,49.065,98.89559640751466
87,87,87,works,49.2,49.77,100.0,0.57,5,0.11399999999999999,0.0,0.2976373097658948,49.485,92.46627952944407
88,88,88,ye,49.77,49.95,100.0,0.18,2,0.09,0.0,0.2519933302074493,49.86,78.4405002587277
89,89,89,mighty,49.95,50.7,100.0,0.75,6,0.125,0.23999999999999488,0.1652192183021774,50.325,74.51075937617567
90,90,90,and,50.94,51.12,100.0,0.18,3,0.06,0.0,0.26317351421595536,51.03,79.36691319653603
91,91,91,despair,51.12,51.87,100.0,0.75,7,0.10714285714285714,1.6799999999999997,0.16071897543002756,51.495,73.97000879802776
92,92,92,nothing,53.55,54.24,100.0,0.69,7,0.09857142857142856,0.0,0.3145784877368622,53.895,87.35625051507608
93,93,93,beside,54.24,54.78,100.0,0.54,6,0.09000000000000001,0.0,0.27266738623715425,54.510000000000005,84.27846388895857
94,94,94,remains,54.78,55.56,100.0,0.78,7,0.11142857142857143,0.8099999999999952,0.17863529841308318,55.17,86.2050105912952
95,95,95,round,56.37,56.91,100.0,0.54,5,0.10800000000000001,0.030000000000001137,0.5221422905812162,56.64,97.69810667514776
96,96,96,the,56.94,57.06,100.0,0.12,3,0.04,0.0,0.451809584188064,57.0,98.3722540679163
97,97,97,decay,57.06,57.78,100.0,0.72,5,0.144,0.0,0.3726108909340736,57.42,96.16205290270754
98,98,98,of,57.78,57.93,100.0,0.15,2,0.075,0.0,0.1636016480833041,57.855,81.92329200572955
99,99,99,that,57.93,58.26,100.0,0.33,4,0.0825,0.0,0.2520900246830983,58.095,91.46958505502835
100,100,100,colossal,58.26,58.89,100.0,0.63,8,0.07875,0.0,0.21190411968304057,58.575,85.26484190974294
101,101,101,wreck,58.89,59.4,100.0,0.51,5,0.10200000000000001,0.45000000000000284,0.1277818653426279,59.145,72.40971773161088
102,102,102,boundless,59.85,60.75,100.0,0.9,9,0.1,0.0,0.2391660313862472,60.3,84.14422270955656
103,103,103,and,60.75,60.93,100.0,0.18,3,0.06,0.0,0.21235151483486694,60.84,76.79540105681124
104,104,104,bare,60.93,61.47,100.0,0.54,4,0.135,0.6899999999999977,0.19256480777401502,61.2,74.52592717632201
105,105,105,the,62.16,62.31,100.0,0.15,3,0.049999999999999996,0.0,0.18966511059220584,62.235,83.11619853769203
106,106,106,lone,62.31,62.82,100.0,0.51,4,0.1275,0.0,0.39979015723844386,62.565,83.72338929295904
107,107,107,and,62.82,62.97,100.0,0.15,3,0.049999999999999996,0.0,0.27736448412601106,62.895,82.22435554901774
108,108,108,level,62.97,63.45,100.0,0.48,5,0.096,0.0,0.1938437858377614,63.21,78.72244074775023
109,109,109,sands,63.45,64.2,100.0,0.75,5,0.15,0.11999999999999034,0.17653373486812504,63.825,76.09947270246963
110,110,110,stretch,64.32,64.86,100.0,0.54,7,0.07714285714285715,0.0,0.1032521845043946,64.59,75.99246345691111
111,111,111,far,64.86,65.19,100.0,0.33,3,0.11,0.0,0.1417270643342872,65.025,74.29910081972614
112,112,112,away,65.19,65.79,100.0,0.6,4,0.15,0.0,0.13475951787957216,65.49000000000001,77.68330937760032
