,Unnamed: 0,Word,Start,End,Conf,time_spent,length,std_time_spent,post_space,amplitude
0,0,i,9.36,9.48,100.0,0.12,1,0.6470588235294117,0.0,0.0328167282501052
1,1,met,9.48,9.69,100.0,0.21,3,0.35294117647058815,0.0,0.19668723118932313
2,2,a,9.69,9.75,100.0,0.06,1,0.2941176470588235,0.02999999999999936,0.19375868017646705
3,3,traveller,9.78,10.26,100.0,0.48,9,0.25490196078431365,0.0600000000000005,0.4266231972482807
4,4,from,10.32,10.5,100.0,0.18,4,0.20588235294117643,0.0,0.31856591191168915
5,5,an,10.5,10.59,100.0,0.09,2,0.20588235294117643,0.0,0.46661040694556766
6,6,antique,10.59,11.07,100.0,0.48,7,0.3445378151260504,0.0,0.2533855945741008
7,7,land,11.07,11.67,100.0,0.6,4,0.8235294117647057,0.6300000000000008,0.2946861789140063
8,8,who,12.3,12.42,100.0,0.12,3,0.1764705882352941,0.0,0.46253878552359334
9,9,said,12.42,12.9,100.0,0.48,4,0.6470588235294117,0.5099999999999998,0.16564510587528958
10,10,two,13.41,13.68,100.0,0.27,3,0.4705882352941177,0.0,0.46922896877382253
11,11,vast,13.68,14.22,100.0,0.54,4,0.7352941176470588,0.0,0.25917107317997035
12,12,and,14.22,14.37,100.0,0.15,3,0.23529411764705876,0.030000000000001137,0.21694235127801104
13,13,trunk,14.4,14.76,64.5136,0.36,5,0.3647058823529411,0.0,0.09718877610794589
14,14,less,14.76,15.089999,83.5052,0.329999,4,0.4264691176470588,9.999999992515995e-07,0.10695867982684011
15,15,legs,15.09,15.48,100.0,0.39,4,0.5147058823529412,0.0,0.18133040403074824
16,16,of,15.48,15.6,100.0,0.12,2,0.2941176470588235,0.0,0.0
17,17,stone,15.6,16.23,100.0,0.63,5,0.6823529411764706,0.3299999999999983,0.2891810294234355
18,18,stand,16.56,17.07,100.0,0.51,5,0.5411764705882354,0.0,0.2701190031999871
19,19,in,17.07,17.16,100.0,0.09,2,0.20588235294117643,0.0,0.5431638131551816
20,20,the,17.16,17.25,100.0,0.09,3,0.11764705882352938,0.0,0.4409906087724613
21,21,desert,17.25,17.73,100.0,0.48,6,0.411764705882353,1.0799999999999983,0.055837096058283284
22,22,near,18.81,19.08,100.0,0.27,4,0.338235294117647,0.0,0.7128216335303248
23,23,them,19.08,19.29,100.0,0.21,4,0.24999999999999997,0.0,0.5897617081121722
24,24,on,19.29,19.41,100.0,0.12,2,0.2941176470588235,0.0,0.47193708113763033
25,25,the,19.41,19.5,100.0,0.09,3,0.11764705882352938,0.0,0.27444102935909054
26,26,sand,19.5,20.1,100.0,0.6,4,0.8235294117647057,0.29999999999999716,0.25317652738166435
27,27,half,20.4,20.73,100.0,0.33,4,0.42647058823529416,0.0,0.25552481549387873
28,28,sunk,20.73,21.24,100.0,0.51,4,0.6911764705882353,0.5700000000000003,0.20650801661702153
29,29,a,21.81,21.9,100.0,0.09,1,0.47058823529411764,0.0,0.07015509310343941
30,30,shattered,21.9,22.38,100.0,0.48,9,0.25490196078431365,0.0,0.06273214378381606
31,31,visage,22.38,22.8,100.0,0.42,6,0.35294117647058815,0.0,0.24729418469642872
32,32,lies,22.8,23.46,100.0,0.66,4,0.9117647058823529,0.75,0.2511729372840302
33,33,whose,24.21,24.48,100.0,0.27,5,0.25882352941176473,0.0,0.20161274701803572
34,34,frown,24.48,25.02,100.0,0.54,5,0.5764705882352942,0.0,0.35445912334406826
35,35,and,25.02,25.2,100.0,0.18,3,0.2941176470588235,0.0,0.4901563562925893
36,36,wrinkled,25.2,25.62,100.0,0.42,8,0.24999999999999997,0.0,0.43500371314436737
37,37,lip,25.62,25.98,100.0,0.36,3,0.6470588235294117,0.4800000000000004,0.11420588496149574
38,38,and,26.46,26.61,100.0,0.15,3,0.23529411764705876,0.0,0.3264505819006102
39,39,sneer,26.61,27.3,100.0,0.69,5,0.752941176470588,0.0,0.3864619106858105
40,40,of,27.3,27.48,100.0,0.18,2,0.47058823529411764,0.0,0.40430099611194353
41,41,cold,27.48,27.84,100.0,0.36,4,0.47058823529411764,0.0,0.08026723194866718
42,42,command,27.84,28.5,100.0,0.66,7,0.4957983193277311,0.7199999999999989,0.21417916489011993
43,43,tell,29.22,29.52,100.0,0.3,4,0.38235294117647056,0.0,0.3197805547148503
44,44,that,29.52,29.7,100.0,0.18,4,0.20588235294117643,0.0,0.480923356521692
45,45,it's,29.7,29.82,100.0,0.12,4,0.11764705882352938,0.0,0.21514442068743841
46,46,sculptor,29.82,30.57,100.0,0.75,8,0.4926470588235294,0.41999999999999815,0.19808751997284305
47,47,well,30.99,31.38,100.0,0.39,4,0.5147058823529412,0.0,0.6952331732346629
48,48,those,31.38,31.65,100.0,0.27,5,0.25882352941176473,0.0,0.5508649721695346
49,49,passions,31.65,32.13,100.0,0.48,8,0.2941176470588235,0.0,0.2066994978224231
50,50,read,32.13,32.52,100.0,0.39,4,0.5147058823529412,0.75,0.12881927795678877
51,51,which,33.27,33.51,100.0,0.24,5,0.22352941176470587,0.0,0.05121654147162959
52,52,yet,33.51,33.75,100.0,0.24,3,0.411764705882353,0.0,0.5203288959956678
53,53,survive,33.75,34.5,100.0,0.75,7,0.5714285714285714,0.6000000000000014,0.25774135370173495
54,54,stamped,35.1,35.82,100.0,0.72,7,0.5462184873949579,0.0,0.16829593355715716
55,55,on,35.82,35.97,100.0,0.15,2,0.38235294117647056,0.0,0.4628302319428293
56,56,these,35.97,36.21,100.0,0.24,5,0.22352941176470587,0.0,0.39057829556806756
57,57,lifeless,36.21,36.78,100.0,0.57,8,0.36029411764705876,0.030000000000001137,0.2036401084115416
58,58,things,36.81,37.5,100.0,0.69,6,0.6176470588235293,0.9600000000000009,0.22959899028305547
59,59,the,38.46,38.58,100.0,0.12,3,0.1764705882352941,0.0,0.33268465667719943
60,60,hand,38.58,38.91,100.0,0.33,4,0.42647058823529416,0.0,0.6579041044491737
61,61,that,38.91,39.12,100.0,0.21,4,0.24999999999999997,0.0,0.18096447113795697
62,62,mocked,39.12,39.45,100.0,0.33,6,0.2647058823529411,0.0,0.3491486094240721
63,63,them,39.45,39.72,100.0,0.27,4,0.338235294117647,0.35999999999999943,0.7030981920651155
64,64,and,40.08,40.232725,100.0,0.152725,3,0.24063725490196075,0.0,0.38245322833277445
65,65,the,40.232725,40.32,91.6661,0.087275,3,0.11230392156862744,0.0,0.1921803912317664
66,66,the,40.32,40.35,57.2262,0.03,3,0.0,0.0,0.02941971414825912
67,67,heart,40.35,40.65,100.0,0.3,5,0.2941176470588235,0.0,0.12225827660015912
68,68,that,40.65,40.83,100.0,0.18,4,0.20588235294117643,0.0,0.07120708168915606
69,69,fed,40.83,41.37,100.0,0.54,3,1.0,0.6000000000000014,0.12558575235152614
70,70,and,41.97,42.18,100.0,0.21,3,0.35294117647058815,0.0,0.6536245816923046
71,71,on,42.18,42.3,100.0,0.12,2,0.2941176470588235,0.0,0.9741265388562259
72,72,the,42.3,42.39,100.0,0.09,3,0.11764705882352938,0.0,0.548226238450077
73,73,pedestal,42.39,43.08,100.0,0.69,8,0.44852941176470584,0.2700000000000031,0.21548554199958456
74,74,these,43.35,43.65,100.0,0.3,5,0.2941176470588235,0.0,0.5968723151767644
75,75,words,43.65,44.07,100.0,0.42,5,0.4352941176470588,0.0,0.33296629596854754
76,76,appear,44.07,44.55,100.0,0.48,6,0.411764705882353,1.1099999999999994,0.30002152147992933
77,77,my,45.66,45.96,100.0,0.3,2,0.8235294117647057,0.0,0.6111131768595272
78,78,name,45.96,46.41,100.0,0.45,4,0.6029411764705882,0.030000000000001137,0.7270011407226056
79,79,is,46.44,46.59,100.0,0.15,2,0.38235294117647056,0.0,0.40769927059729133
80,80,ozymandias,46.59,47.64,100.0,1.05,10,0.5588235294117647,0.509999999999998,0.3502166815212637
81,81,king,48.15,48.6,100.0,0.45,4,0.6029411764705882,0.0,0.5500345434644384
82,82,of,48.6,48.75,100.0,0.15,2,0.38235294117647056,0.0,0.18175030298572656
83,83,kings,48.75,49.56,100.0,0.81,5,0.8941176470588235,0.8699999999999974,0.20979896184134153
84,84,look,50.43,50.67,100.0,0.24,4,0.2941176470588235,0.0,0.5079451586851425
85,85,on,50.67,50.82,100.0,0.15,2,0.38235294117647056,0.0,1.0
86,86,my,50.82,51.03,100.0,0.21,2,0.5588235294117647,0.0,0.9684738992142934
87,87,works,51.03,51.57,100.0,0.54,5,0.5764705882352942,0.0,0.3712103107024821
88,88,ye,51.57,51.75,100.0,0.18,2,0.47058823529411764,0.0,0.44407509524609134
89,89,mighty,51.75,52.41,100.0,0.66,6,0.5882352941176471,0.5400000000000063,0.2939214865463719
90,90,and,52.95,53.1,100.0,0.15,3,0.23529411764705876,0.0,0.32516587127079577
91,91,despair,53.1,53.88,100.0,0.78,7,0.5966386554621849,1.5899999999999963,0.2395285308735907
92,92,nothing,55.47,55.95,100.0,0.48,7,0.3445378151260504,0.0,0.40077433948108043
93,93,beside,55.95,56.46,100.0,0.51,6,0.44117647058823534,0.0,0.3799884662341308
94,94,remains,56.46,57.27,100.0,0.81,7,0.6218487394957983,1.0799999999999983,0.30516201873213084
95,95,round,58.35,58.65,100.0,0.3,5,0.2941176470588235,0.0,0.6200372877121123
96,96,the,58.65,58.71,100.0,0.06,3,0.058823529411764705,0.0,0.5964080235625243
97,97,decay,58.71,59.25,100.0,0.54,5,0.5764705882352942,0.0,0.4359018031904616
98,98,of,59.25,59.4,100.0,0.15,2,0.38235294117647056,0.0,0.11921924162746282
99,99,that,59.4,59.58,100.0,0.18,4,0.20588235294117643,0.0,0.07568323441858715
100,100,colossal,59.58,60.12,100.0,0.54,8,0.338235294117647,0.0,0.28015422115833477
101,101,wreck,60.12,60.57,100.0,0.45,5,0.47058823529411764,0.4200000000000017,0.18824027661878426
102,102,boundless,60.99,61.92,100.0,0.93,9,0.5490196078431372,0.0,0.16930129686455164
103,103,and,61.92,62.1,100.0,0.18,3,0.2941176470588235,0.0,0.39828408929743736
104,104,bare,62.1,62.61,100.0,0.51,4,0.6911764705882353,0.8999999999999986,0.41546390733882405
105,105,the,63.51,63.66,100.0,0.15,3,0.23529411764705876,0.0,0.209713205885037
106,106,lone,63.66,64.32,100.0,0.66,4,0.9117647058823529,0.15000000000000568,0.38751175984747727
107,107,and,64.47,64.62,100.0,0.15,3,0.23529411764705876,0.0,0.6210342942257591
108,108,level,64.62,64.98,100.0,0.36,5,0.3647058823529411,0.0,0.47527424860505607
109,109,sands,64.98,65.79,100.0,0.81,5,0.8941176470588235,0.269999999999996,0.22808676195623956
110,110,stretch,66.06,66.9,100.0,0.84,7,0.6470588235294117,0.3299999999999983,0.022854321608299793
111,111,far,67.23,67.77,100.0,0.54,3,1.0,0.0,0.2105098315650322
112,112,away,67.77,68.34,100.0,0.57,4,0.7794117647058821,0.0,0.0949890621549122
