,Unnamed: 0.1,Unnamed: 0.1.1,Word,Start,End,Conf,time_spent,length,std_time_spent,post_space,amplitude,time,pitch
0,0,0,i,3.99,4.08,100.0,0.09,1,0.09,0.0,0.36729052876231755,4.035,99.71719215588212
1,1,1,met,4.08,4.26,100.0,0.18,3,0.06,0.0,0.5638236405078699,4.17,97.47493346710915
2,2,2,a,4.26,4.35,100.0,0.09,1,0.09,0.0,0.2967425063254558,4.305,93.21860302028688
3,3,3,traveller,4.35,5.01,100.0,0.66,9,0.07333333333333333,0.15000000000000036,0.3338962355975606,4.68,90.49011865124895
4,4,4,from,5.16,5.37,100.0,0.21,4,0.0525,0.0,0.131360866008542,5.265000000000001,84.87516728227455
5,5,5,an,5.37,5.46,100.0,0.09,2,0.045,0.0,0.2431787910545368,5.415,83.20883565811437
6,6,6,antique,5.46,5.97,100.0,0.51,7,0.07285714285714286,0.0,0.16170760208614365,5.715,82.66190344712966
7,7,7,land,5.97,6.45,100.0,0.48,4,0.12,0.0,0.19707379535329292,6.21,78.56016662379785
8,8,8,who,6.45,6.6,100.0,0.15,3,0.049999999999999996,0.0,0.14666851409737336,6.525,80.24606388894587
9,9,9,said,6.6,7.05,100.0,0.45,4,0.1125,0.7800000000000002,0.2108492456172313,6.824999999999999,109.37311572152912
10,10,10,two,7.83,8.1,100.0,0.27,3,0.09000000000000001,0.0,0.48664824869764,7.965,114.76787383329692
11,11,11,vast,8.1,8.61,100.0,0.51,4,0.1275,0.0,0.5128970465953593,8.355,87.9545649040137
12,12,12,and,8.61,8.73,100.0,0.12,3,0.04,0.0,0.18434376502565186,8.67,76.36768415974362
13,13,13,trunk,8.73,9.03,100.0,0.3,5,0.06,0.0,0.20456396864976054,8.879999999999999,89.39252509414499
14,14,14,lists,9.03,9.24,62.0029,0.21,5,0.041999999999999996,0.011398999999999049,0.17144874167393667,9.135,82.93140950317738
15,15,15,legs,9.251399,9.6,100.0,0.348601,4,0.08715025,0.0,0.2459335984620275,9.4256995,80.3967661764766
16,16,16,of,9.6,9.72,100.0,0.12,2,0.06,0.0,0.15290369552297406,9.66,
17,17,17,stone,9.72,10.14,100.0,0.42,5,0.08399999999999999,0.0,0.1979162674922696,9.93,81.83178440623081
18,18,18,stand,10.14,10.5,100.0,0.36,5,0.072,0.0,0.19880151439552157,10.32,79.58851646827216
19,19,19,in,10.5,10.62,100.0,0.12,2,0.06,0.0,0.10308950525657666,10.56,70.93624407349371
20,20,20,the,10.62,10.71,100.0,0.09,3,0.03,0.0,0.1283708064825726,10.665,79.67405098677541
21,21,21,desert,10.71,11.28,100.0,0.57,6,0.09499999999999999,0.9000000000000004,0.17342288258010702,10.995,75.98943616949096
22,22,22,near,12.18,12.39,100.0,0.21,4,0.0525,0.0,0.33573020625107897,12.285,101.61773906421628
23,23,23,them,12.39,12.69,100.0,0.3,4,0.075,0.0,0.19122934692656576,12.54,73.17926891435565
24,24,24,on,12.69,12.81,100.0,0.12,2,0.06,0.0,0.136731661732266,12.75,73.70812140379327
25,25,25,the,12.81,12.9,100.0,0.09,3,0.03,0.0,0.15313209953765625,12.855,70.03962080584577
26,26,26,sand,12.9,13.47,100.0,0.57,4,0.1425,0.4499999999999993,0.20066753646969063,13.185,78.57230139681681
27,27,27,half,13.92,14.25,100.0,0.33,4,0.0825,0.0,0.3290530030322593,14.085,100.59040580795593
28,28,28,sunk,14.25,14.64,100.0,0.39,4,0.0975,0.0,0.2657201836411773,14.445,80.93733178726644
29,29,29,a,14.64,14.73,100.0,0.09,1,0.09,0.0,0.22468423734379595,14.685,94.2651920417427
30,30,30,shattered,14.73,15.24,100.0,0.51,9,0.05666666666666667,0.0,0.3361413858618504,14.985,80.5450780130356
31,31,31,visage,15.24,15.72,100.0,0.48,6,0.08,0.0,0.24293769198266874,15.48,96.0350046522352
32,32,32,lies,15.72,16.32,100.0,0.6,4,0.15,0.4800000000000004,0.295906633428746,16.02,73.64434514818164
33,33,33,whose,16.8,17.04,100.0,0.24,5,0.048,0.0,0.23354514642137875,16.92,97.77803270007406
34,34,34,frown,17.04,17.55,100.0,0.51,5,0.10200000000000001,0.0,0.5140888659854846,17.295,84.23664006759456
35,35,35,and,17.55,17.67,100.0,0.12,3,0.04,0.0,0.12155869409443894,17.61,72.84535707737213
36,36,36,wrinkled,17.67,18.06,100.0,0.39,8,0.04875,0.0,0.2507534892766392,17.865000000000002,80.9973380078261
37,37,37,lip,18.06,18.51,100.0,0.45,3,0.15,0.2699999999999996,0.20966464276996982,18.285,95.27351031513102
38,38,38,and,18.78,18.96,100.0,0.18,3,0.06,0.0,0.21215870920350083,18.87,91.5608297383262
39,39,39,sneer,18.96,19.44,100.0,0.48,5,0.096,0.0,0.33511058545205724,19.200000000000003,85.44059474435433
40,40,40,of,19.44,19.56,100.0,0.12,2,0.06,0.0,0.06843261422581812,19.5,73.32169731569813
41,41,41,cold,19.56,19.95,100.0,0.39,4,0.0975,0.0,0.30447521169083,19.755,101.84461102855367
42,42,42,command,19.95,20.52,100.0,0.57,7,0.08142857142857142,0.4200000000000017,0.2862159722460646,20.235,77.834962565023
43,43,43,tell,20.94,21.18,100.0,0.24,4,0.06,0.0,0.4531084126347469,21.06,135.78925854104148
44,44,44,that,21.18,21.36,100.0,0.18,4,0.045,0.0,0.4694503559793606,21.27,95.88186321909207
45,45,45,it's,21.36,21.54,100.0,0.18,4,0.045,0.0,0.2866584724896544,21.45,179.54951712618015
46,46,46,sculptor,21.54,22.11,100.0,0.57,8,0.07125,0.0,0.28601715217602763,21.825,87.23021504968428
47,47,47,well,22.11,22.35,100.0,0.24,4,0.06,0.0,0.5744800059676392,22.23,83.87936639657045
48,48,48,those,22.35,22.59,100.0,0.24,5,0.048,0.0,0.2167561370867188,22.47,76.33757983513455
49,49,49,passions,22.59,23.13,100.0,0.54,8,0.0675,0.0,0.16879947455081837,22.86,80.53846797032875
50,50,50,read,23.13,23.43,100.0,0.3,4,0.075,0.0,0.28362981441828355,23.28,79.58527613405859
51,51,51,which,23.43,23.64,100.0,0.21,5,0.041999999999999996,0.0,0.11142668309442223,23.535,75.90013177778411
52,52,52,he,23.64,23.76,100.0,0.12,2,0.06,0.0,0.4251232802130779,23.700000000000003,91.78151120548557
53,53,53,he,23.76,23.789667,83.5399,0.029667,2,0.0148335,0.0,0.3657586343282027,23.7748335,88.59331883092821
54,54,54,has,23.789667,23.94,89.5789,0.150333,3,0.050110999999999996,0.0,0.16286836107171487,23.864833500000003,
55,55,55,survive,23.94,24.57,100.0,0.63,7,0.09,0.6000000000000014,0.26693979818267993,24.255000000000003,79.38154603694129
56,56,56,stamped,25.17,25.8,100.0,0.63,7,0.09,0.0,0.16577261826157172,25.485,78.00924487841246
57,57,57,on,25.8,25.95,100.0,0.15,2,0.075,0.0,0.17836072813574716,25.875,73.53758652362049
58,58,58,these,25.95,26.19,100.0,0.24,5,0.048,0.0,0.12425433794199155,26.07,77.28888914096969
59,59,59,lifeless,26.19,26.82,100.0,0.63,8,0.07875,0.0,0.19674808880582,26.505000000000003,113.41298973961553
60,60,60,things,26.82,27.45,100.0,0.63,6,0.105,0.4800000000000004,0.09519578010722153,27.135,74.15070105953158
61,61,61,a,27.93,28.02,90.5858,0.09,1,0.09,0.002822999999999354,0.08893913874875481,27.975,
62,62,62,hand,28.022823,28.41,100.0,0.387177,4,0.09679425,0.0,0.4046583899180981,28.2164115,82.70835757644808
63,63,63,that,28.41,28.53,100.0,0.12,4,0.03,0.0,0.13602207081737314,28.47,99.34664384045806
64,64,64,mocked,28.53,28.89,100.0,0.36,6,0.06,0.030000000000001137,0.2523791045801373,28.71,81.06339948678854
65,65,65,him,28.92,29.16,100.0,0.24,3,0.08,0.6000000000000014,0.12337167034248167,29.04,70.32541439456993
66,66,66,and,29.76,29.85,87.567,0.09,3,0.03,0.0,0.2783127437505676,29.805,81.4409034918623
67,67,67,the,29.85,29.94,100.0,0.09,3,0.03,0.0,0.15480501576530997,29.895000000000003,70.47292140300452
68,68,68,heart,29.94,30.3,100.0,0.36,5,0.072,0.0,0.3591736133880843,30.12,78.74738720060985
69,69,69,that,30.3,30.42,100.0,0.12,4,0.03,0.029999999999997584,0.11545190873987127,30.36,99.8668248018815
70,70,70,fed,30.45,30.93,100.0,0.48,3,0.16,1.4100000000000037,0.1428708434569928,30.69,77.32790544380983
71,71,71,and,32.34,32.46,100.0,0.12,3,0.04,0.0,0.2019526441383328,32.400000000000006,81.48605825107238
72,72,72,on,32.46,32.58,100.0,0.12,2,0.06,0.0,0.3143750359543421,32.52,82.08498190129717
73,73,73,the,32.58,32.67,100.0,0.09,3,0.03,0.0,0.18798037981688445,32.625,80.21121594407161
74,74,74,pedestal,32.67,33.42,100.0,0.75,8,0.09375,0.05999999999999517,0.2771274158954516,33.045,79.11094645224051
75,75,75,these,33.48,33.75,100.0,0.27,5,0.054000000000000006,0.0,0.2704575097477523,33.614999999999995,87.20751721672316
76,76,76,words,33.75,34.08,100.0,0.33,5,0.066,0.0,0.3962711394202429,33.915,92.08819128754968
77,77,77,appear,34.08,34.59,100.0,0.51,6,0.085,0.9599999999999937,0.08338617787493754,34.335,124.47649514015437
78,78,78,my,35.55,35.73,100.0,0.18,2,0.09,0.0,0.6551594290105971,35.64,92.91086835933201
79,79,79,name,35.73,35.94,100.0,0.21,4,0.0525,0.0,1.0,35.834999999999994,98.15274210972223
80,80,80,is,35.94,36.06,100.0,0.12,2,0.06,0.0,0.8834656812740244,36.0,95.38239531307067
81,81,81,ozymandias,36.06,37.26,100.0,1.2,10,0.12,0.240000000000002,0.43533339360012485,36.66,90.31950317481028
82,82,82,king,37.5,37.77,100.0,0.27,4,0.0675,0.0,0.490427158259764,37.635000000000005,103.70970772875793
83,83,83,of,37.77,37.89,100.0,0.12,2,0.06,0.060000000000002274,0.48335779354123043,37.83,94.95106476974269
84,84,84,kings,37.95,38.67,100.0,0.72,5,0.144,0.6299999999999955,0.32868377900741713,38.31,157.45437876983033
85,85,85,look,39.3,39.54,100.0,0.24,4,0.06,0.0,0.6699309264030379,39.42,111.68442752804971
86,86,86,on,39.54,39.66,100.0,0.12,2,0.06,0.0,0.9910988866621211,39.6,97.91780309812593
87,87,87,my,39.66,39.78,100.0,0.12,2,0.06,0.0,0.9393068143390426,39.72,92.72072332065838
88,88,88,world,39.78,40.08,87.0597,0.3,5,0.06,0.75,0.8271624346004924,39.93,88.78566482294822
89,89,89,despair,40.83,41.85,100.0,1.02,7,0.1457142857142857,1.3200000000000003,0.2761205034948756,41.34,82.19895451494821
90,90,90,nothing,43.17,43.56,100.0,0.39,7,0.055714285714285716,0.0,0.1933043948468195,43.365,81.75224867123879
91,91,91,beside,43.56,44.04,100.0,0.48,6,0.08,0.0,0.2515776879900237,43.8,73.02754789077102
92,92,92,remains,44.04,44.7,100.0,0.66,7,0.09428571428571429,1.2299999999999969,0.07754023874220817,44.370000000000005,78.08168515983937
93,93,93,round,45.93,46.23,100.0,0.3,5,0.06,0.0,0.6602771873706531,46.08,90.12868313717446
94,94,94,the,46.23,46.32,100.0,0.09,3,0.03,0.0,0.6837276960270293,46.275,92.45450779614049
95,95,95,decay,46.32,46.77,100.0,0.45,5,0.09,0.0,0.5134666293316669,46.545,93.88492655110903
96,96,96,of,46.77,46.89,100.0,0.12,2,0.06,0.0,0.21073247463990127,46.83,80.97824052254082
97,97,97,that,46.89,47.1,100.0,0.21,4,0.0525,0.0,0.34460917060390533,46.995000000000005,79.88948712819095
98,98,98,colossal,47.1,47.73,100.0,0.63,8,0.07875,0.0,0.3539758088376893,47.415,79.42183074210024
99,99,99,wreck,47.73,48.27,100.0,0.54,5,0.10800000000000001,0.44999999999999574,0.2989981548911428,48.0,80.20445161148716
100,100,100,boundless,48.72,49.38,100.0,0.66,9,0.07333333333333333,0.0,0.3754117704498363,49.05,79.53511833505755
101,101,101,and,49.38,49.5,100.0,0.12,3,0.04,0.030000000000001137,0.17219206341401447,49.44,71.73162953967596
102,102,102,bare,49.53,50.01,100.0,0.48,4,0.12,0.5399999999999991,0.2846485756052951,49.77,76.67383272768475
103,103,103,the,50.55,50.7,100.0,0.15,3,0.049999999999999996,0.0,0.2287795927858276,50.625,76.85012668628806
104,104,104,lone,50.7,51.09,100.0,0.39,4,0.0975,0.0,0.40322096312170136,50.895,83.05789146095657
105,105,105,and,51.09,51.24,100.0,0.15,3,0.049999999999999996,0.0,0.21574760273166188,51.165000000000006,74.47196999922595
106,106,106,level,51.24,51.57,100.0,0.33,5,0.066,0.0,0.517325223032697,51.405,80.5659464911939
107,107,107,sands,51.57,52.2,100.0,0.63,5,0.126,0.02999999999999403,0.2254500357961724,51.885000000000005,74.45136223302312
108,108,108,stretch,52.23,52.89,100.0,0.66,7,0.09428571428571429,0.3299999999999983,0.17710539337557837,52.56,98.02105804415858
109,109,109,far,53.22,53.61,100.0,0.39,3,0.13,0.0,0.2760486458483642,53.415,76.12748323451035
110,110,110,away,53.61,53.97,100.0,0.36,4,0.09,0.0,0.1197931981912287,53.79,70.54380322671683
